{
	"2019-01-04": {
		"mstr_sz": 381319143.82392406,
		"mstr_total": 124163857.59549959,
		"mtsr_total": 212530266.1099087,
		"pe_sh": 12.4444,
		"pe_sz": 19.919999999999998,
		"pe_total": 15.013360964074874,
		"volr_sh": 0.4946392952428068,
		"volr_sz": 1.2279730437254106,
		"volr_total": 0.746694836754637
	}
}{
	"2016-01-28": {
		"mstr_sz": 445690852.03796417,
		"mstr_total": 192569864.21162495,
		"mtsr_total": 289032883.3226692,
		"pe_sh": 14.043599999999998,
		"pe_sz": 40.152,
		"pe_total": 23.99687451897743,
		"volr_sh": 0.9175057269107263,
		"volr_sz": 2.2135894860043104,
		"volr_total": 1.4115773950747905
	}
}{
	"2015-08-26": {
		"mstr_sz": 591851140.1979392,
		"mstr_total": 193781671.09199658,
		"mtsr_total": 340088574.88769627,
		"pe_sh": 15.9976,
		"pe_sz": 42.23199999999999,
		"pe_total": 25.641987559307644,
		"volr_sh": 1.8688944837667303,
		"volr_sz": 2.8243390094359366,
		"volr_total": 2.2197014044352836
	}
}{
	"2012-11-28": {
		"mstr_sz": 124694579.2209386,
		"mstr_total": 20291542.11432719,
		"mtsr_total": 47768424.69567734,
		"pe_sh": 10.8418,
		"pe_sz": 19.356,
		"pe_total": 13.083865819667732,
		"volr_sh": 0.30794282444776266,
		"volr_sz": 0.7791274161215854,
		"volr_total": 0.4319097762739865
	}
}