{
        "2016-01-28": {
                "pb_sh": 1.506,
                "pb_sz": 3.056,
                "pb_total": 1.9216885257142415,
                "pe_sh": 14.043599999999998,
                "pe_sz": 40.152,
                "pe_total": 23.99687451897743,
                "tnr_sh": 1.9120000000000001,
                "tnr_sz": 2.6399999999999997,
                "tnr_total": 2.1072223237432057,
                "mstr_sz": 445690852.03796417,
                "mstr_total": 192569864.21162495,
                "mtsr_total": 289032883.3226692,
                "volr_sh": 0.9175057269107263,
                "volr_sz": 2.2135894860043104,
                "volr_total": 1.4115773950747905
        }
}{
        "2015-08-26": {
                "pb_sh": 1.816,
                "pb_sz": 3.56,
                "pb_total": 2.2739465890412025,
                "pe_sh": 15.040000000000001,
                "pe_sz": 36.212,
                "pe_total": 20.599220632377627,
                "tnr_sh": 4.234,
                "tnr_sz": 4.3839999999999995,
                "tnr_total": 4.273331847738956,
                "mtsr_sz": 591851140.1979392,
                "mtsr_total": 193781671.09199658,
                "volr_sh": 1.8688944837667303,
                "volr_sz": 2.8243390094359366,
                "volr_total": 2.2197014044352836
}{
        "2008-10-24": {
                "pb_sh": 2.254,
                "pb_sz": 2.186,
                "pb_total": 2.2455191092154902,
                "pe_sh": 15.579999999999998,
                "pe_sz": 13.832000000000003,
                "pe_total": 15.361481707252176,
                "tnr_sh": 1.4200000000000002,
                "tnr_sz": 1.508,
                "tnr_total": 1.4309608642539746
        }
}


2003-01-10
