{
        "2019-01-04": {
                "pe_sh": 11.892,
                "pe_sz": 17.566000000000003,
                "pe_total": 13.331122672239605,
                "pb_sh": 1.2319999999999998,
                "pb_sz": 1.952,
                "pb_total": 1.4146525572579327,
                "tnr_sh": 1.028,
                "tnr_sz": 1.5100000000000002,
                "tnr_total": 1.150366547213346,
                "mtsr_sz": 381319143.82392406,
                "mtsr_total": 124163857.59549959,
                "volr_sh": 0.4946392952428068,
                "volr_sz": 1.2279730437254106,
                "volr_total": 0.746694836754637
       }
}{
        "2014-06-13": {
                "pb_sh": 1.24,
                "pb_sz": 1.7559999999999998,
                "pb_total": 1.2821401419589287,
                "pe_sh": 9.306000000000001,
                "pe_sz": 13.528,
                "pe_total": 9.650792114653191,
                "tnr_sh": 1.09,
                "tnr_sz": 1.136,
                "tnr_total": 1.0937354221063154
        }
}{
        "2012-11-28": {
                "pb_sh": 1.42,
                "pb_sz": 1.892,
                "pb_total": 1.460812728611838,
                "pe_sh": 10.426,
                "pe_sz": 14.059999999999999,
                "pe_total": 10.74022525001572,
                "tnr_sh": 0.75,
                "tnr_sz": 0.532,
                "tnr_total": 0.7311475285175258,
                "mtsr_sz": 124694579.2209386,
                "mtsr_total": 20291542.11432719,
                "volr_sh": 0.30794282444776266,
                "volr_sz": 0.7791274161215854,
                "volr_total": 0.4319097762739865
        }
}
{
        "2005-06-13": {
                "pb_sh": 1.748,
                "pb_sz": 1.83,
                "pb_total": 1.760221175424899,
                "pe_sh": 18.355999999999998,
                "pe_sz": 11.676,
                "pe_total": 17.36078670507313,
                "tnr_sh": 2.286,
                "tnr_sz": 2.6,
                "tnr_total": 2.332819859196864
        }
}
